Bonus Question 1(Epochs 1.........50):

train_accuracy:
[0.47765306, 0.54063265, 0.581, 0.61930612, 0.64469388, 0.67461224, 0.6942449, 0.71479592, 0.73332653, 0.74469388, 0.75626531, 0.7765102, 0.78336735, 0.79577551, 0.80967347, 0.81563265, 0.82312245, 0.82865306, 0.83053061, 0.84226531, 0.84769388, 0.85730612, 0.84973469, 0.86138776, 0.86969388, 0.8635102, 0.85718367, 0.86844898, 0.87806122, 0.88712245, 0.89157143, 0.90153061, 0.89959184, 0.90538776, 0.91759184, 0.92395918, 0.92659184, 0.92369388, 0.90495918, 0.92320408, 0.91736735, 0.90761224, 0.92222449, 0.92428571, 0.92879592, 0.92969388, 0.91393878, 0.93257143, 0.93865306, 0.94128571]
validation_accuracy:
[0.44, 0.462, 0.469, 0.48, 0.467, 0.467, 0.473, 0.469, 0.486, 0.474, 0.48, 0.472, 0.467, 0.468, 0.473, 0.477, 0.468, 0.475, 0.465, 0.477, 0.478, 0.483, 0.465, 0.462, 0.473, 0.463, 0.461, 0.476, 0.486, 0.467, 0.468, 0.487, 0.475, 0.461, 0.479, 0.474, 0.466, 0.485, 0.48, 0.48, 0.476, 0.458, 0.476, 0.472, 0.465, 0.485, 0.464, 0.472, 0.474, 0.481]
train_loss:
[1.48237829, 1.31153241, 1.19833462, 1.09983765, 1.02831044, 0.94476923, 0.89472863, 0.83625657, 0.78608869, 0.75673471, 0.72009668, 0.67092717, 0.65125351, 0.60972881, 0.57742104, 0.56524737, 0.53354537, 0.53073052, 0.53567444, 0.49002363, 0.47283954, 0.42933233, 0.46724851, 0.4406361, 0.42088313, 0.42936228, 0.46633697, 0.42641221, 0.39668601, 0.36212628, 0.35576478, 0.3145083, 0.32842624, 0.30000013, 0.25901454, 0.23751269, 0.23026644, 0.23937915, 0.31701221, 0.24487034, 0.270393, 0.31006164, 0.2542693, 0.25296249, 0.22298082, 0.22606924, 0.27884952, 0.21781416, 0.18910446, 0.1849964]
validation_loss:
[1.61077912, 1.53901323, 1.53469939, 1.53614991, 1.57394982, 1.62823151, 1.66123346, 1.74664131, 1.78806438, 1.88593865, 1.96300628, 2.03594398, 2.16843769, 2.26678288, 2.35992314, 2.44429267, 2.55287531, 2.5628269, 2.74924998, 2.78743967, 2.76066398, 2.80129724, 3.06980655, 3.07171095, 3.10155665, 3.23745693, 3.25516595, 3.30227444, 3.19770026, 3.36002633, 3.42829431, 3.40596149, 3.50091917, 3.5038233, 3.58062901, 3.61669059, 3.69304535, 3.60448986, 3.70071064, 3.62306816, 3.70995631, 3.82212811, 3.84416554, 3.82742487, 3.82333932, 3.85697659, 3.92802423, 3.90003678, 3.67551212, 3.89559381]
